image_width: 640
image_height: 480
camera_name: camera
camera_matrix:
  rows: 3
  cols: 3
  data: [700.49653,   0.     , 338.52699,
           0.     , 701.81979, 229.03379,
           0.     ,   0.     ,   1.     ]
distortion_model: plumb_bob
distortion_coefficients:
  rows: 1
  cols: 5
  data: [0.117942, -0.453238, -0.009181, -0.001259, 0.000000]
rectification_matrix:
  rows: 3
  cols: 3
  data: [1., 0., 0.,
         0., 1., 0.,
         0., 0., 1.]
projection_matrix:
  rows: 3
  cols: 4
  data: [704.67575,   0.     , 338.61272,   0.     ,
           0.     , 707.13606, 226.60762,   0.     ,
           0.     ,   0.     ,   1.     ,   0.     ]
