image_width: 1280
image_height: 720
camera_name: camera
camera_matrix:
  rows: 3
  cols: 3
  data: [1219.84214,    0.     ,  635.77328,
            0.     , 1213.7749 ,  400.95526,
            0.     ,    0.     ,    1.     ]
distortion_model: plumb_bob
distortion_coefficients:
  rows: 1
  cols: 5
  data: [0.018702, -0.268277, -0.000321, 0.000248, 0.000000]
rectification_matrix:
  rows: 3
  cols: 3
  data: [1., 0., 0.,
         0., 1., 0.,
         0., 0., 1.]
projection_matrix:
  rows: 3
  cols: 4
  data: [1199.73376,    0.     ,  635.73945,    0.     ,
            0.     , 1213.08046,  401.06338,    0.     ,
            0.     ,    0.     ,    1.     ,    0.     ]
